+911234567890
911234567890
01234567890
1234567890
+91 12345 67890
91 12345 67890
0123-456-7890

----------------

Of course! Here you go:

+911234567890
911234567890
01234567890
1234567890
+91 12345 67890
91 12345 67890
0123-456-7890


+918765432109
918765432109
08765432109
8765432109
+91 87654 32109
91 87654 32109
0876-543-2109

+919876543210
919876543210
09876543210
9876543210
+91 98765 43210
91 98765 43210
0987-654-3210

+917890123456
917890123456
07890123456
7890123456
+91 78901 23456
91 78901 23456
0789-012-3456

+911234567890
911234567890
01234567890
1234567890
+91 12345 67890
91 12345 67890
0123-456-7890
